512512
502037
511851
519161
150321
150012
165520
160807
160421
512501
150151
161720
519947
513500
519068
502048
519039
510061
512092
161222
160631
519951
512211
518885
160628
163503
519956
519018
160520
510385
510560
159952
501032
519665
510071
510411
511911
150312
161128
511985
150203
502022
510525
511670
166802
501038
150054
510381
163907
513905
510182
510021
502005
501040
512701
150264
513050
160814
512070
513052
165707
512880
510162
519623
160621
159916
150171
165513
150124
150316
161835
519692
511222
519110
168106
162006
510305
161722
519702
510335
511952
510070
160223
150184
512101
159919
519662
519678
519506
519512
159932
510301
512280
510391
519993
519089
150236
518805
510130
511010
162719
501028
150268
163821
165309
150022
161614
150090
150267
510030
511652
150149
511862
150032
165515
510282
512162
167702
150301
519664
510310
513660
512992
162509
161908
160639
511925
512165
161116
160513
160322
150241
502011
519066
519153
168201
512225
501301
160516
510581
512181
150221
161631
150130
166003
510222
150117
519125
150293
501035
501043
510712
511702
519008
150262
161014
160105
150144
166012
150335
163409
163407
150143
511981
519121
519723
512551
519126
150019
519156
150052
161823
160603
519129
511620
512985
150238
150189
512900
150136
519013
511805
511312
150258
510802
519660
160625
512780
161628
150305
150214
519210
150332
161820
161217
163804
150209
160921
511775
150275
160805
511900
512982
511291
150198
163402
161818
165521
163116
150058
519676
510171
519619
510315
519027
161229
519718
510052
510160
510122
512565
150219
512562
160716
512785
150304
512811
150296
510880
519160
512364
160642
512561
511310
510431
511935
501008
159948
512810
512120
511965
511772
161724
150257
160211
150255
150157
519191
161027
501000
519028
510022
162207
150271
512660
150205
519941
164304
164810
165525
511980
161826
513600
519134
166006
150092
150227
511992
519985
501046
502015
519629
161812
159906
511800
511220
163117
161026
159901
166024
512282
159910
150247
519518
512400
511262
512570
510710
519025
512200
502054
510882
511665
511821
519598
512990
511882
159949
512232
160605
511682
161118
510111
510590
519651
150106
159940
160505
512610
150192
519706
512801
511662
165511
519613
160215
510312
510585
163807
519971
519672
150060
150318
510271
161213
511972
512642
510632
519642
519566
512315
501036
519196
163110
510270
150290
169105
150033
160219
160212
519116
165530
512662
150122
160518
150193
519320
150250
510181
512902
160635
150200
502041
160644
165312
510092
159909
150218
519733
160915
501020
150260
165524
161706
162907
519183
519735
501027
161029
159005
164402
510631
519620
519967
519801
501302
512180
518880
501009
510380
164606
159930
164702
160632
501011
519095
501051
519137
519135
511930
512981
519321
160922
163209
150311
512575
510420
168103
512122
161910
163119
519656
161507
160611
519111
519937
510331
150030
519100
160615
510680
512345
519001
512602
510020
512815
162607
510652
150170
511915
161726
160419
512805
519929
161035
161629
150244
163417
512001
150344
150259
150317
502002
519093
164508
161505
159953
510291
511705
166402
159937
511681
519669
150315
150018
519624
161725
511982
150050
165509
510332
519133
163113
511655
519056
150270
519611
519688
160136
513601
169201
166401
502058
160629
519505
519188
150139
519185
166016
519654
150306
150252
512005
512581
513502
519150
163005
150298
150095
501048
150093
512812
159926
510272
161129
510010
164906
519030
519628
501303
512010
519208
164908
150212
161714
160106
511810
159908
150185
160135
511825
519680
163406
512012
150100
150292
161125
165311
161032
150232
519640
519007
159950
510711
519171
519034
150165
168301
162511
519507
150265
511880
510500
519909
160323
519977
519878
165313
163111
150057
518801
165531
512515
162712
519115
519508
161831
150309
512212
164210
150048
167001
164808
161816
511802
160636
512220
161810
519949
510221
161207
161037
161033
150167
519050
502016
150180
161903
511661
519189
160225
511961
150199
150083
519942
513030
513032
501022
162010
150222
519165
519152
150073
510230
519061
150273
502023
159918
519918
150075
168001
161226
513605
163810
511960
150053
162413
512302
165508
519888
161224
164818
150204
159956
519069
150274
501001
519113
150178
510595
150325
512075
501005
161121
150201
518881
150182
510091
159943
501305
501002
150208
519614
513661
163806
168401
510211
150135
160415
163808
159911
502049
510191
512500
511701
161117
159922
510521
519195
159913
519997
519199
512781
519167
166002
160607
512000
519657
161219
510592
519963
510520
150279
513665
166005
163415
512555
150152
510442
501050
519631
511290
519023
159941
510591
510561
512002
502020
512071
519673
511690
512645
512102
160627
512525
511282
161127
160633
150230
510012
159902
150037
160919
510811
160720
512340
512182
510662
510152
512105
502030
510210
150281
501031
510901
519118
162415
168205
159954
511692
160217
150243
510512
510031
160813
519965
512615
165517
150217
161119
161015
519003
511831
150064
510440
164302
162411
510660
150196
160216
512612
164902
165528
150228
519119
150104
159944
160910
160723
502036
150224
519180
150121
150329
511932
150173
150150
512300
519972
165317
501016
511695
519197
519944
519649
512311
150336
159915
519898
511912
161210
519652
163827
512312
511622
512521
150225
512641
519626
512331
163115
161233
150168
510132
510260
512161
512881
150138
168204
510110
513101
519630
511815
502012
150280
511951
512702
519698
511881
164403
150308
519015
159931
150118
519991
512231
512572
510311
511771
164401
159933
512700
160138
150287
150263
512682
150261
502014
519519
519617
150283
511921
160717
502031
160613
502042
511281
512090
512222
150091
162510
510172
510580
510302
519809
167501
519019
167705
166023
159003
502004
510582
510630
168102
150197
519035
150094
519511
519690
163302
512072
511280
513901
519859
511955
160806
150249
502007
519127
519136
161834
501037
150223
165523
519989
511011
150105
501012
150175
502038
519097
163208
161813
150065
519625
501019
159939
511685
501307
150164
150055
501106
511650
519677
161005
160130
150190
161819
513035
162715
511671
159958
150235
501018
160622
164703
161719
165519
150237
160620
161815
161607
160616
150028
163114
512202
160924
161216
150234
160519
150188
510262
519663
511232
164820
519021
510510
519211
150266
165705
160916
513100
512511
519969
150131
150056
166007
510441
162108
511231
510120
511260
161716
511820
510392
512230
164809
159923
510151
511801
519655
519606
162718
159905
519192
510050
164705
150294
150191
519032
512901
510281
511902
163109
161713
511910
164814
511861
512341
512305
510801
519163
511865
519599
510881
161038
150324
510161
512585
512215
164905
159935
511860
150248
150148
510062
165310
512882
512332
511835
160643
510131
519915
163001
150251
510112
502040
519935
166011
510290
512661
519173
511855
512705
519510
165807
160918
168203
150256
512335
510800
511221
159920
510421
519908
501023
160808
161025
160718
519099
161721
150328
169103
150145
150172
150289
501039
511601
519641
161715
512560
511311
502053
519634
150059
519123
150107
512210
511600
150013
150302
161626
160812
163801
160128
166004
519112
163412
501025
162414
519734
512800
501026
510300
163805
163803
160638
519162
501021
165526
150303
159903
150297
160119
512782
160624
512680
502025
502001
511700
150213
519175
162605
160610
150187
160314
150220
150077
519957
150153
150067
501029
512402
519666
519674
160618
184801
511832
519170
150277
519675
511975
510900
519714
510280
160517
160416
519087
150322
511292
511971
159929
164701
510502
519130
161036
150051
161911
510432
510360
160722
150246
168108
160220
511822
160637
150331
519644
161124
165512
160640
159946
150195
519975
159907
150023
510682
512640
150176
519995
502057
502018
164812
519671
501006
519005
161723
512095
511672
519026
150016
513105
150210
150008
150216
502021
501010
513501
513102
150245
510382
519190
512522
163824
512185
164208
511901
160133
159934
502008
501030
511602
510051
518882
519206
519138
519622
150047
160422
160522
512665
160524
510422
150278
510390
519124
512550
161225
519700
510681
150284
512552
512285
163118
160630
519704
168104
519326
162307
502032
502055
510192
159936
512520
519011
513902
519858
164105
160719
511261
512125
169104
160634
150181
150169
501015
513051
160222
510231
512601
519800
519509
519230
161232
510651
518802
165809
161030
161019
169102
502017
166904
166105
501017
510430
165315
150017
161010
519973
519002
161230
519943
510365
519132
161130
519117
160218
162416
519627
161024
150307
501300
159942
511605
162105
512681
519653
510121
512201
159955
161123
510505
150343
161718
161727
519633
519987
167301
519207
518800
164811
510361
511962
519983
164907
519158
513031
165510
501007
150211
150146
519209
150123
511675
169101
519017
150049
512091
167002
160626
511995
510362
160512
519808
519879
512600
512580
159945
150288
502000
502013
510501
160324
511621
511922
519181
150242
166009
164206
161115
502024
511852
150272
150186
519945
510650
511230
519661
162711
163003
163819
512310
512401
161031
510905
512301
150295
501045
150231
159951
519300
519670
161811
161126
519186
164821
512885
510412
512205
165516
161223
510232
519327
510032
160224
510011
511691
512582
167503
510292
150291
502056
159928
150229
510395
164819
150310
150029
512342
519616
150330
519961
168101
161022
519610
510190
167003
162412
159938
160221
512281
511931
519668
162107
510515
150101
510072
164509
161907
150323
511905
150076
160706
510212
519193
512100
163210
150207
511885
510170
519060
519078
513055
161122
159001
511660
511812
150276
150206
511012
519683
161825
160125
501306
510261
150282
168002
510150
150215
502006
519062
519712
161017
150327
519889
163809
510511
502050
150084
512121
519567
519120
162703
512995
511950
512363
511830
161610
512330
160617
512015
160515
160417
513900
519933
510810
519172
160923
502003
502010
510410
519976
165806
519128
160418
512505
519650
160140
512905
513505
511990
519029
512991
513602
165522
510330
519940
512802
160420
511651
510522
160127
511680
519198
512011
512510
511625
512571
160131
159912
510812
166001
150009
513662
150300
510220
510565
159957
512502
519122
161227
150031
512980
510661
511315
501003
150177
160137
150066
150194
150158
512405
150179
519899
161028
501049
162717
150174
512685
512235
519020
510562
519979
512611
510902
168105
505888
501047
162714
511970
150036
511991
519727
162215
511770
160311
511850
511811
150326
159925
166902
519679
150233
510060
512605
150299
166008
519959
150269
512221
150226
512160
510090
519033
511920
510180
162216
501058
501057
161039
169106
512774
512773
512392
512395
512391
160726
512390
512365
512361
512362
512360
501059
164824
